639905310
666843764
699588209
730618686
757530777
788565050
821702731
826784485
857819389
860892302
860896673
861224611
861229018
861229030
861229045
861233174
861233221
861233292
861233303
861565546
861570090
861574292
861574362
861574640
861574669
861578690
861578964
861579069
861583357
861583398
861588280
861915698
861915746
861920004
861920007
861920107
861920141
862252074
862256868
862265699
862265735
862269552
862602167
862606678
862610554
882746220
883415496
888171826
891582338
891586904
891595069
891918523
891918572
891922783
891922927
891923486
891927484
891927673
891927728
891927839
891931735
891935748
891935958
891936249
892255086
892255122
892259523
892259609
892268119
892268282
892268510
892268553
892273269
892277589
892277609
892281819
892282289
892600723
892604992
892605388
892609615
892613686
892622625
892622947
892623020
892950729
892958763
892959608
892963332
892963477
892963681
892963919
892964102
892968554
892968637
893287494
893287520
893287523
893305416
893632417
893633230
893637097
893642012
893645771
914100101
923303392
923321015
923636089
923640363
923644592
923644961
923648748
923657277
923661510
923661937
923977051
923994365
923994401
923998505
924002286
924002690
924326157
924326233
924335413
924344089
924344128
924348411
924681085
924689450
925003837
925004416
925008566
925017453
925017553
925021558
925344753
944807084
954010798
954342682
954675120
954692704
955020637
955024591
955024729
955029299
955365353
955365826
955374672
955374862
955378609
955383212
955383233
955698260
955702120
955715991
956043578
956056543
956060536
956060773
956082289
956384643
956397821
974839595
974839704
974839706
974839708
974843876
976515311
977201052
979567244
980598738
985036637
985347040
985347061
985369220
985377724
985386679
985710145
985714517
985722546
985722839
985731781
986059699
986059778
986063833
986396100
986396204
986404884
986422220
986758977
986759122
986763451
986763734
986767293
987091864
987104744
987116716
987419139
987419574
987419663
987424042
987424258
1005110376
1005857954
1005858013
1006199303
1007891891
1011293310
1016403512
1016403672
1016408273
1016408310
1016749259
1016749264
1016753670
1016758041
1017090133
1017094185
1017448980
1017781118
1017785388
1017789715
1017793356
1017797863
1017802759
1017802884
1018458566
1018458715
1018462968
1018472039
1018476201
1018804242
1043005077
1046734991
1047080740
1047106475
1047119615
1047123862
1047779784
1047780090
1047784012
1047784109
1047784113
1047787967
1048120973
1048125065
1048125254
1048470473
1048491559
1048492326
1048492504
1048837074
1048837669
1049169888
1049174217
1049502699
1049506374
1049510640
1049511179
1049511270
1049838815
1049839301
1067223806
1069187878
1069973758
1070638675
1070638914
1076724887
1077454826
1077792194
1077792387
1078111105
1079522281
1079527169
1079527389
1079841570
1079855015
1079859469
1079867909
1079872487
1080196056
1080200318
1080200419
1080200438
1080212848
1080213108
1080519686
1080528656
1080532771
1080537421
1080537608
1080537610
1080541803
1080541849
1080545525
1080878335
1100558968
1107764430
1109167269
1109194016
1109841562
1110186452
1110535962
1110536002
1110557531
1110562345
1110566098
1110566303
1110566383
1110885663
1110885932
1110894595
1110903013
1110903093
1110906913
1111217863
1111243796
1111243870
1111244083
1111244201
1111248481
1111567676
1111572164
1111576163
1111580845
1111917081
1131011511
1131339501
1136399017
1136399018
1136740119
1136744477
1136744508
1136744536
1136744594
1136744598
1136744615
1137085385
1137085556
1137763222
1138117141
1138807924
1138812529
1139153107
1139153136
1139498661
1139835270
1140547788
1141251402
1141259920
1141601145
1141937695
1142257556
1142266328
1142598324
1158187240
1158191562
1158191622
1158191887
1158536635
1158864995
1158877703
1158877783
1159551037
1160288913
1161705902
1163384537
1164374521
1165085220
1166065510
1166406277
1166406326
1166756335
1167092919
1167097258
1167429808
1167433954
1167433990
1167433991
1167434000
1167438034
1167438189
1167438283
1167438288
1167783359
1167783672
1168120366
1168129036
1168815348
1169147605
1169492931
1169847128
1172623224
1172627154
1188548330
1188885499
1188889837
1189227147
1189559257
1189567690
1189904590
1189912345
1190250299
1190254555
1190374287
1190591244
1190737748
1191273014
1192434435
1192735693
1192736036
1192739907
1194384626
1197791057
1198123389
1198132022
1198132028
1198468674
1198477582
1198477590
1198818551
1198818609
1198818618
1199159353
1199159635
1199496144
1199496243
1199504502
1199850242
1199855170
1200182517
1200182520
1200195625
1200195649
1200523558
1200523569
1200536439
1200541130
1200541165
1200541193
1200886425
1201227074
1201231377
1201231700
1201231760
1201231816
1201231826
1201568417
1201568464
1218901359
1219592090
1220607239
1221280490
1221285175
1221289185
1221768103
1221983537
1222022960
1222302866
1222368547
1222696201
1222696284
1223127391
1223758589
1225114259
1225455907
1225761499
1225791777
1226084614
1226797688
1228817231
1229162353
1229162381
1229166973
1229507863
1229507904
1229849059
1230190016
1230190149
1230526698
1230531125
1230531237
1230535525
1231213221
1231217536
1231614730
1231619255
1231955783
1231955819
1231955849
1232249314
1232249325
1232257688
1232262105
1232262131
1232266231
1232266303
1232266394
1232266414
1232266616
1232288020
1232594718
1232603375
1232603386
1232607205
1232607449
1232607453
1232607542
1232634093
1249932198
1249936614
1249940263
1250277991
1251287671
1251969396
1252337098
1252337419
1252677095
1253394169
1253398506
1253700547
1253821732
1254037524
1254460664
1254793503
1254801742
1255138222
1255405703
1256153716
1256490442
1256490709
1256490714
1256494439
1256826061
1256830582
1256831016
1256831471
1256835428
1256835915
1257163007
1257167518
1257167607
1257245650
1257504141
1257508477
1259851971
1259852010
1260192984
1260197431
1260197510
1260538467
1260542968
1260879515
1260879601
1260883995
1260884244
1261220478
1261220560
1261561493
1261565726
1261565786
1261902646
1261902687
1261902715
1261907163
1262602271
1262654081
1262654129
1262990404
1262994911
1263309965
1263327135
1263327185
1263327214
1263331517
1263642185
1263646370
1263646693
1263663953
1263663980
1263668331
1263668551
1263996477
1268568859
1280971174
1280980178
1281303666
1281316775
1281649467
1281985562
1281998821
1282690130
1282693736
1282806123
1283031294
1283034573
1283371992
1284779082
1285068138
1285167873
1285197124
1287183205
1287856629
1287860853
1287865184
1288267063
1288893454
1288893503
1288893591
1288893609
1288893672
1288897699
1288897930
1289229572
1289229616
1289229674
1289229700
1289233656
1289233753
1289233760
1289233847
1289233864
1289234133
1289238130
1289238358
1289238742
1289238841
1289238970
1289238972
1289239054
1289574643
1289574672
1291573712
1292670202
1293006629
1293011130
1294021030
1294362000
1294362035
1294362042
1294362092
1294366310
1295035551
1311677904
1312015204
1312368829
1313038188
1313702895
1315084914
1315464724
1315819028
1316086414
1316103996
1316151259
1316158591
1316158839
1316194019
1316530839
1316534973
1316535138
1316867205
1317457971
1318956632
1319246910
1319251041
1319530284
1319574557
1319578883
1319579283
1319579391
1319583082
1319583148
1319583205
1319586861
1319587003
1319587380
1319591242
1319591297
1319591442
1319591480
1319591563
1319591655
1319591678
1319591709
1319911391
1319915731
1319915822
1319919608
1319919610
1319919698
1319919814
1319919918
1319923967
1319927345
1319927827
1319928209
1319928264
1319932206
1320263998
1320273763
1321222721
1325405571
1325733981
1342022174
1342704830
1343378332
1343732093
1344055093
1344086667
1344509330
1345079276
1346460600
1346465519
1346788757
1346840451
1347125913
1347126097
1347176607
1347470894
1347812305
1347901684
1347901726
1347902152
1347905926
1347906163
1347906562
1348153557
1348242642
1348242919
1348247173
1348248235
1348580534
1348584223
1348829819
1348916717
1348920548
1348920795
1349240911
1349253404
1349603861
1350268702
1350272746
1350273443
1350277508
1350613510
1350626363
1350937208
1350945956
1351282553
1351317122
1352598489
1352598905
1373734609
1374413370
1374438280
1374767239
1374784418
1375482740
1375768970
1375769049
1375798493
1376134899
1376234554
1376800240
1376809072
1376827225
1377814057
1377845289
1377905517
1378156512
1378194285
1378570264
1378570483
1378587904
1378856024
1379277446
1379541865
1379549812
1380206312
1380331849
1380957285
1380957320
1381298126
1381704275
1382002299
1383633527
1383633605
1384017738
1404109050
1404778340
1404783075
1405107113
1405780725
1405788552
1405824057
1406928592
1407148900
1407252557
1407260897
1407269137
1407269144
1407269278
1407269350
1407597098
1407610974
1407853195
1408535544
1408612051
1408880450
1408928039
1408952946
1408966145
1409604476
1410235604
1411250251
1411262721
1411655369
1411988034
1412320780
1412332938
1412989088
1412989266
1413753838
1413766741
1413986475
1414776601
1418186940
1434798670
1435126790
1435140135
1435822283
1436188322
1437156900
1437165487
1437186918
1437959040
1438299718
1438300188
1438300285
1438300417
1438304067
1438304143
1438304347
1438304464
1438304477
1438304554
1438304573
1438304604
1438304646
1438524573
1438550573
1438563366
1439577670
1439590350
1439927802
1439962910
1439963190
1440566287
1440567395
1440571897
1440670548
1440670595
1440972629
1441589107
1441590157
1441590591
1441949046
1441956741
1442293171
1442314421
1443026992
1443364051
1443682977
1444006860
1444024342
1445134193
1446152481
1466511550
1466516076
1466844031
1466861327
1467859487
1467987587
1468207771
1468230494
1468877324
1468993852
1468994014
1468998393
1469240274
1469278367
1469331067
1469947718
1469999513
1470237582
1470950640
1470966783
1470996844
1471259890
1471269906
1471307510
1471600919
1471601440
1471607030
1471610338
1471705177
1472965897
1472996209
1473332777
1473648518
1473997538
1475391747
1497200791
1497205225
1497875250
1498574596
1498582584
1499226615
1499683287
1500020379
1500020535
1500024261
1500028932
1500029052
1500361710
1500369887
1500369943
1500373828
1500953002
1501323994
1501640127
1501660164
1501664753
1501664809
1501665145
1501976890
1501980151
1502001218
1502304335
1502304455
1502318251
1502342255
1502364155
1502635634
1502701269
1502748318
1503331732
1503413234
1503413796
1503413797
1503418436
1503677795
1503754316
1503754464
1503754543
1503754677
1503755184
1503999967
1504086607
1504092028
1504096262
1504096339
1504423575
1504423636
1504423804
1504427615
1504427986
1504428057
1504432299
1504700834
1504765194
1504765248
1505412068
1505727476
1505753240
1507445759
1507446240
1507781967
1507787264
1507787627
1508118468
1508118556
1508118563
1508123771
1508459533
1513363614
1528244653
1528577476
1528926565
1529635236
1529923621
1529928359
1529933124
1530602252
1530606252
1530704811
1531059000
1531063618
1531391407
1531676892
1531975908
1532060472
1532060598
1532358825
1532401533
1532401650
1532401674
1532401727
1532405813
1532410248
1532699404
1532699530
1532742712
1533036404
1533040625
1533040839
1533063011
1533083877
1533088563
1533338992
1533723752
1534012511
1534059927
1534107181
1534447833
1534448646
1534694621
1534721340
1534784712
1534785094
1534788807
1535065850
1535087168
1535410628
1535462901
1535718148
1535718264
1535808539
1536068485
1536140581
1536403805
1536446911
1536451903
1536452097
1536783850
1536783933
1536788564
1536793384
1537130629
1537456949
1537466874
1537793884
1537797832
1537798206
1537803404
1537803538
1537803564
1538135324
1538135372
1538471582
1538476539
1540129092
1540280212
1558605806
1558605812
1559270886
1559284164
1559284412
1559948889
1559979355
1560289552
1560311044
1560661080
1561301125
1561304414
1561347849
1562054982
1562352871
1562400848
1562404815
1562404878
1562673627
1562689878
1562707421
1562712175
1562745969
1563095398
1563095512
1563355501
1563364112
1563372679
1563389824
1563393697
1563393904
1563436471
1563436478
1563436481
1563441250
1563782253
1564075996
1564097399
1564097484
1564123481
1564472872
1564753797
1565496703
1565729476
1565833050
1566169568
1566173885
1566173909
1566178615
1566510982
1566511014
1566514866
1566519250
1566519741
1566528972
1566799785
1566851927
1566852153
1566856415
1567107667
1567145429
1567482299
1567482594
1568711739
1589636158
1589969344
1589972966
1590979045
1593012939
1593401239
1593743279
1593784995
1594092024
1594121850
1594126040
1594126047
1594812379
1595084420
1595106149
1596091814
1596104906
1596199055
1597456370
1597494148
1597835331
1599517714
1620667669
1621003660
1621004685
1621008677
1621357756
1622360309
1622740353
1623072504
1623081361
1623719786
1624083046
1624418395
1625080038
1625101825
1625800608
1625804723
1625804774
1626140980
1627117134
1627509034
1627509673
1628140423
1628187260
1628192050
1628528573
1628869271
1629163100
1629880348
1651701899
1652725444
1653390223
1654068522
1654120086
1654405306
1654405904
1654413566
1654818612
1655458719
1655474822
1655475659
1655479310
1655496596
1655497024
1656153289
1656157224
1656157451
1656157606
1656157978
1656494569
1656834653
1656834679
1656834849
1656839128
1656839788
1657180509
1657184761
1657516638
1657517242
1657525390
1657539428
1657940629
1658155884
1658199518
1658290299
1658502349
1658518741
1658881325
1659226661
1659231557
1659235557
1659515529
1659904546
1660198276
1661588290
1683440362
1683756677
1684443103
1684451749
1685147024
1685555983
1685776284
1686190133
1686518948
1687831632
1687844304
1687874335
1687874488
1688211725
1688302103
1688505620
1688526691
1688540066
1688573830
1688868386
1688892924
1688893211
1689187126
1689200671
1689239035
1689242749
1689915765
1690232419
1690266485
1690274628
1690283458
1690283476
1690598004
1690602927
1690897627
1690902029
1690910458
1690917721
1690935369
1691233928
1691574966
1692278031
1692614515
1714113234
1714134140
1714138461
1714479551
1714479649
1714791446
1714795031
1715459859
1717153009
1717208400
1717562249
1717894837
1717899399
1717899693
1717899720
1718227906
1718231248
1718863441
1718917727
1718918218
1718918235
1718922502
1718995507
1719237849
1719250390
1719332432
1719569268
1719591388
1719902535
1719928105
1719928274
1719953914
1720226812
1720585281
1720950695
1720951330
1721305372
1721309290
1721309490
1721586536
1721642072
1721659644
1722000794
1722000978
1722005013
1722005199
1722307233
1722311484
1722333142
1722333392
1722333743
1722336465
1722336935
1722337568
1722338027
1722341820
1722342048
1722346327
1722346362
1722346846
1722670151
1722670397
1722670422
1722682692
1722954501
1723015266
1723019231
1723023890
1723024021
1723658004
1723990099
1745510607
1745821751
1745860329
1746546621
1746884134
1746884233
1747181914
1747228863
1747508899
1747518018
1747569967
1748187188
1748187330
1748222538
1749007402
1749007519
1749020274
1749020373
1749236368
1749258134
1749270652
1749343874
1749611399
1749620832
1749944256
1749957344
1750026634
1750039535
1750243366
1750247044
1750251452
1750289956
1750371809
1750587711
1750621344
1750622215
1750630587
1750712639
1750929611
1750980224
1750984451
1751257274
1751262627
1751321418
1751325674
1751330026
1751666374
1751943911
1751986317
1751994423
1752671998
1752672460
1752694591
1752699920
1752962124
1752988351
1753034787
1753354492
1753354584
1753354657
1753354671
1753358619
1753358914
1753358965
1753359080
1753359088
1753359129
1753359145
1753359149
1753359235
1753359267
1753359276
1753359328
1753363739
1753367903
1753371564
1753385655
1753670596
1753690864
1753691086
1753691232
1753695151
1753695182
1753695198
1753695251
1753695319
1753695328
1753695329
1753695387
1753695482
1753695554
1753695569
1753695576
1753695620
1753695737
1753695866
1753695941
1753696105
1753700376
1754019541
1754028170
1754028266
1754032933
1754033051
1754033072
1754037055
1754041168
1754042300
1754348495
1754369991
1754370241
1754370281
1754370313
1754370428
1754374121
1754374486
1754711606
1754715778
1754715820
1754715852
1776553851
1776865370
1776886049
1777227052
1778916255
1779567374
1779972924
1780651267
1781268241
1781295424
1781324410
1781333390
1781333405
1781981967
1782006592
1782318275
1782321284
1782668028
1782680353
1782992460
1782996020
1783000305
1783025171
1783029895
1783038540
1783348805
1783361972
1783690466
1784052291
1784052503
1784057153
1784057323
1784389055
1784389414
1784389603
1784389638
1784393707
1784393992
1784397838
1784398229
1784398302
1784398319
1784398330
1784402781
1784441060
1784725840
1784726510
1784730276
1784730808
1784734375
1784735157
1784738845
1784739629
1785058604
1785062580
1785067268
1785067611
1785076238
1785399685
1785400064
1785403942
1785408076
1785408384
1785408640
1785412639
1785417481
1785740683
1785740974
1785745638
1785753951
1786091589
1789933168
1807572051
1808241116
1808267138
1808927915
1808936407
1808949598
1808958240
1809264255
1809273495
1809302520
1810645950
1810659099
1810944084
1810956698
1810986443
1811306906
1811646824
1812363713
1812696567
1813028777
1813373584
1813382259
1813727537
1813727811
1813728233
1814031575
1814055949
1814060070
1814410124
1814729223
1814729788
1814733827
1814751048
1814759163
1814759464
1815070402
1815087643
1815096511
1815432882
1815713979
1815769330
1815769521
1815773781
1815773916
1815778676
1816106457
1816114845
1816115219
1816456312
1816754260
1816788474
1817107934
1817108009
1817112807
1817112855
1817113079
1817444315
1817444555
1817444670
1817448659
1817448921
1817448971
1817449059
1817449116
1817449229
1817449236
1817449375
1817452948
1817453065
1817453257
1817453557
1817457808
1817457847
1817457984
1817457987
1817458052
1817458164
1817463007
1817785661
1817785682
1817786077
1817790176
1817790222
1817790281
1817790409
1817794820
1817799390
1818122205
1818136404
1818473569
1838257401
1838615654
1839288696
1840636280
1841663352
1842051749
1842682322
1842682500
1844421716
1845078711
1845431840
1845431908
1845772658
1846113980
1846135022
1846800094
1846812834
1847145780
1847806203
1847806275
1847810811
1847815147
1847819222
1848138779
1848143184
1848151236
1848151571
1848151877
1848156241
1848251306
1848483949
1848492258
1848492714
1848496662
1848592019
1848820426
1848824817
1848828925
1848837843
1849161220
1849161407
1849166071
1849174879
1849178917
1849179266
1849183960
1849503142
1849507321
1849520324
1869300439
1869649833
1870993614
1871031444
1871717951
1872396010
1872404653
1873078321
1873086684
1873734612
1874035952
1875124235
1875409122
1875460978
1875469390
1876105544
1876125353
1876466986
1876471221
1876803839
1876820783
1876894387
1876898200
1876902545
1877152860
1877217777
1877930505
1877939213
1878271377
1878543927
1878845226
1878845629
1879519066
1879877415
1880209425
1880887003
1902066185
1902066682
1903397125
1904117032
1904117126
1904420313
1905093495
1905110758
1905114003
1905429029
1906116138
1906137714
1906159299
1906159372
1906496111
1906499952
1906789614
1906836822
1907156409
1907169406
1907501440
1907510214
1907518969
1907519001
1907571222
1907574944
1907578957
1907584319
1907587934
1907924777
1907933561
1908226457
1908524574
1908528698
1908865507
1912600163
1932730059
1933429987
1933433614
1934133595
1934470099
1935126292
1935821486
1935843067
1936848448
1937193993
1937501015
1937875810
1937879935
1938174967
1938175243
1938207942
1938536260
1938541380
1938544937
1939244343
1939904964
1940557189
1965168774
1966174797
1966494349
1967508592
1967844926
1968215498
1968872215
1968877434
1968889019
1969230358
1970253290
1970598769
1974682390
1995516734
1995858223
1995861983
1996202685
1996536055
1997498177
1998250011
1998922583
2000900137
2000903820
2001633881
2002976113
2026862112
2027880999
2027890302
2028261229
2028261424
2028588805
2029573063
2029624973
2031266973
2031279383
2031960555
2032664066
2033005397
2033010036
2058273371
2058932928
2059611420
2061316365
2062689505
2064040742
2088629661
2088950218
2088971332
2089653445
2090681039
2092019182
2094381099
2119272595
2121340624
2121685030
2121690154
2121707030
2121711447
2125424856
2154442557
2154767014
2155418746
2181048794
2181730644
2185481747
2185822630
2186155295
2187515326
2211737961
2215161310
2215809310
2219867226
2220920100
2243458832
2245501457
2246861609
2247202730
2249598591
2276540626
2277917069
2278224718
2279282060
2280953178
2281634861
2283671710
2308585856
2309297730
2310627347
2310627606
2310627904
2337578051
2343038967
2372697700
2403063724
2404077917
2404108218
5812983499
5812983845
5812983999
5812986560
5812986572
5812987001
5812987690
5812987709
5812987740
5812987748
5812987890
5812988063
5812988077
5812988086
5812988098
5812988099
5812988109
5812988128
5812988132
5812988137
5812988175
5812988294
5812988296
5812988514
5812988532
5812988568
5812988569
5812988573
5812988577
5812989059
5812989090
5812989105
5812989120
5812989160
5812989163
5812989167
5812989274
5812989312
5812989550
5812989593
5812989689
5812989776
5812989784
5812990315
5812990447
5812990470
5812990678
5812990726
5812990925
5812990956
5812990959
5812991436
5812991473
5812991538
5812991748
5812991769
5812991798
5812991952
5812992013
5812992219
5812992408
5812992437
5812992468
5812992814
5812992842
5812992898
5812992935
5812993220
5812993222
5812993245
5812993252
5812993257
5812993314
5812993678
5812993692
5812993994
5812994094
5812995680
5812996568
5812996576
5812996595
5812996611
5812997245
5812997387
5812998072
5812998136
5812998833
5812998950
5812999009
5812999429
5812999529
5812999543
5813000058
5813000577
5813002071
5813013882
5813014262
5813014401
5813014491
5813015200
5813015763
5813015764
5813016041
5813016056
5813016057
5813016065
5813016076
5813016380
5813016381
5813016577
5813016578
5813016650
5813016652
5813016661
5813016851
5813016911
5813016987
5813022538
5813023480
5813023645
5813027631
5813031359
5813031440
5813031566
5813033675
5813033678
5813033742
5813033809
5813033850
5813034099
5813034101
5813034284
5813034336
5813035500
5813035545
5813037844
5813038156
5813038168
5813038182
5813038196
5813038197
5813038198
5813038202
5813038203
5813038232
5813038238
5813038293
5813038294
5813038320
5813038679
5813038879
5813038880
5813038918
5813039336
5813039410
5813039561
5813041453
5813041801
5813044569
5813044882
5813045024
5813045027
5813045646
5813045867
5813047637
5813048447
5813048450
5813048451
5813048452
5813048670
5813048880
5813048920
5813049193
5813050102
5813050145
5813050604
5813054032
5813054063
5813054477
5813054534
5813054748
5813055129
5813056280
5813056453
5813056671
5813058307
5813060163
5813060340
5813060834
5813060840
5813061197
5813061735
5813062009
5813062096
5813062654
5813062759
5813067943
5813067945
5813068239
5813068615
5813069053
5813069377
5813075607
5813075754
5813075792
5813076492
5813077655
5813077658
5813077663
5813078183
5813078658
5813079014
5813079585
5813081845
5813085201
5813087952
5813090856
5813096626
5813102910
5813107445
5813109987
5813130156
5813131327
5813133779
5901118359
5901197740
5901199075
5901199267
5901200775
5901202018
5901203099
5901203642
5901204412
5901207252
5901211214
5901214649
5901215446
5901217539
7112579856
